21
2
21
2
21
2
21
2
21
2
21
2
21
2
21
2
21
2
21
2
21
2
21
2
27
2
21
2
21
2
21
2
21
2
22
2
3
1
3
1
20
2
21
2
22
2
19
1
19
1
19
1
24
2
25
2
31
2
25
2
26
2
21
2
21
2
3
1
3
1
3
1
3
1
3
1
3
1
19
1
19
1
19
1
28
2
29
2
29
2
29
2
30
2
21
2
21
2
3
1
10
2
11
2
3
1
3
1
3
1
19
1
19
1
19
1
28
2
29
2
29
2
29
2
30
2
21
2
21
2
3
1
14
2
15
2
3
1
3
1
3
1
19
1
19
1
19
1
28
2
29
2
29
2
29
2
30
2
21
2
21
2
3
1
3
1
3
1
3
1
3
1
3
1
19
1
19
1
19
1
36
1
36
1
29
1
36
1
36
1
3
1
21
2
3
1
3
1
3
1
3
1
3
1
3
1
19
1
19
1
19
1
28
2
29
2
29
2
29
2
30
2
21
2
21
2
3
1
3
1
3
1
35
2
3
1
3
1
19
1
19
1
19
1
28
2
29
2
29
2
29
2
30
2
21
2
21
2
3
1
3
1
3
1
3
1
3
1
3
1
19
1
19
1
19
1
32
2
33
2
33
2
33
2
34
2
21
2
21
2
17
2
17
2
17
2
17
2
17
2
3
1
19
1
17
2
17
2
17
2
17
2
17
2
17
2
17
2
21
2
21
2
21
2
21
2
21
2
21
2
21
2
3
1
19
1
21
2
21
2
21
2
21
2
21
2
21
2
21
2
21
2
none
none
none
none
none
none
none
none
none
none
