21
2
21
2
21
2
21
2
21
2
21
2
3
1
19
1
21
2
21
2
21
2
21
2
21
2
21
2
21
2
21
2
21
2
21
2
21
2
21
2
21
2
21
2
3
1
19
1
21
2
21
2
21
2
21
2
21
2
21
2
21
2
21
2
21
2
22
2
3
1
3
1
3
1
3
1
3
1
19
1
19
1
19
1
19
1
19
1
19
1
19
1
19
1
19
1
21
2
3
1
3
1
3
1
3
1
3
1
19
1
19
1
19
1
19
1
19
1
19
1
19
1
19
1
19
1
19
1
21
2
18
2
3
1
3
1
19
1
19
1
19
1
19
1
19
1
19
1
19
1
19
1
19
1
19
1
19
1
19
1
21
2
22
2
19
1
19
1
19
1
19
1
19
1
19
1
19
1
19
1
19
1
19
1
19
1
19
1
19
1
19
1
21
2
19
1
19
1
19
1
19
1
19
1
19
1
19
1
19
1
19
1
19
1
19
1
19
1
19
1
19
1
19
1
21
2
18
2
19
1
19
1
19
1
19
1
19
1
19
1
19
1
19
1
19
1
19
1
19
1
19
1
19
1
19
1
21
2
21
2
18
2
19
1
19
1
19
1
19
1
19
1
19
1
19
1
19
1
19
1
19
1
19
1
19
1
19
1
21
2
21
2
22
2
19
1
19
1
19
1
19
1
19
1
19
1
19
1
19
1
19
1
19
1
19
1
19
1
19
1
21
2
22
2
19
1
19
1
19
1
19
1
19
1
19
1
19
1
19
1
19
1
19
1
19
1
19
1
19
1
19
1
redoctorok
redoctorok
redoctorok
blueoctorok
none
none
none
none
none
none
none