21
2
22
2
19
1
19
1
19
1
19
1
19
1
19
1
19
1
19
1
19
1
19
1
19
1
19
1
19
1
19
1
22
2
3
1
19
1
19
1
19
1
19
1
19
1
19
1
19
1
19
1
19
1
19
1
19
1
19
1
19
1
19
1
26
2
3
1
3
1
3
1
19
1
19
1
19
1
19
1
19
1
19
1
19
1
19
1
19
1
19
1
19
1
19
1
29
2
12
1
3
1
3
1
3
1
3
1
3
1
3
1
3
1
3
1
3
1
3
1
3
1
19
1
19
1
19
1
29
2
29
2
26
2
3
1
3
1
3
1
3
1
3
1
3
1
3
1
3
1
3
1
3
1
19
1
19
1
19
1
29
2
29
2
8
1
3
1
3
1
3
1
35
2
3
1
35
2
3
1
3
1
3
1
3
1
35
2
3
1
19
1
29
2
29
2
12
1
3
1
3
1
3
1
3
1
3
1
3
1
3
1
3
1
3
1
3
1
3
1
3
1
3
1
29
2
29
2
30
2
3
1
3
1
35
2
3
1
35
2
3
1
35
2
3
1
35
2
3
1
35
2
3
1
35
2
29
2
29
2
30
2
3
1
3
1
3
1
3
1
3
1
3
1
3
1
3
1
3
1
3
1
3
1
3
1
3
1
29
2
29
2
30
2
3
1
3
1
3
1
3
1
35
2
3
1
3
1
3
1
3
1
3
1
35
2
3
1
3
1
29
2
29
2
30
2
3
1
3
1
3
1
3
1
3
1
3
1
3
1
3
1
3
1
3
1
3
1
3
1
3
1
redmoblin
redmoblin
redmoblin
redoctorok
bluemoblin
none
none
none
none
none
none