29
2
30
2
3
1
3
1
3
1
3
1
3
1
3
1
3
1
3
1
3
1
3
1
3
1
3
1
3
1
3
1
29
2
30
2
3
1
3
1
3
1
3
1
3
1
3
1
3
1
3
1
3
1
3
1
3
1
3
1
3
1
3
1
29
2
30
2
3
1
3
1
3
1
3
1
3
1
3
1
3
1
3
1
3
1
3
1
3
1
3
1
3
1
3
1
29
2
29
2
12
1
3
1
3
1
3
1
3
1
3
1
3
1
3
1
3
1
3
1
3
1
3
1
3
1
3
1
29
2
29
2
29
2
25
2
25
2
25
2
25
2
36
1
25
2
25
2
25
2
25
2
25
2
25
2
25
2
25
2
29
2
29
2
29
2
29
2
29
2
29
1
29
2
29
1
29
2
29
2
29
2
29
2
29
2
29
2
29
2
29
2
29
2
3
1
29
1
29
1
29
2
3
1
29
1
29
1
29
1
29
1
29
1
3
1
29
2
29
2
29
2
29
2
29
2
29
2
29
2
29
1
29
2
29
2
29
2
29
2
29
2
29
2
29
1
29
2
29
2
29
2
29
2
29
2
29
2
3
1
29
2
29
1
29
1
3
1
29
1
29
1
29
1
29
1
29
1
29
2
29
2
29
2
29
2
29
2
29
2
29
1
29
1
29
1
29
2
29
2
29
2
29
2
29
1
29
2
29
2
29
2
29
2
29
2
29
2
29
2
29
2
29
2
29
2
29
2
29
2
29
2
29
2
29
2
29
2
29
2
29
2
29
2
29
2
29
2
29
2
29
2
bluedarknut
bluemoblin
bluemoblin
none
none
none
none
none
none
none
none