21
2
21
2
21
2
21
2
21
2
21
2
21
2
21
2
21
2
21
2
21
2
21
2
21
2
21
2
21
2
21
2
21
2
21
2
21
2
21
2
21
2
21
2
22
2
3
1
3
1
3
1
3
1
3
1
3
1
3
1
3
1
3
1
21
2
21
2
21
2
21
2
21
2
22
2
3
1
3
1
38
2
3
1
38
2
3
1
38
2
3
1
3
1
3
1
21
2
22
2
3
1
3
1
3
1
3
1
3
1
3
1
3
1
3
1
3
1
3
1
3
1
3
1
3
1
3
1
22
2
3
1
3
1
3
1
10
2
11
2
3
1
3
1
38
2
3
1
38
2
3
1
38
2
3
1
3
1
3
1
3
1
3
1
3
1
3
1
14
2
15
2
3
1
3
1
3
1
3
1
3
1
3
1
3
1
3
1
3
1
3
1
18
2
3
1
3
1
3
1
3
1
3
1
3
1
3
1
38
2
3
1
38
2
3
1
38
2
3
1
3
1
3
1
21
2
18
2
3
1
3
1
3
1
3
1
3
1
3
1
3
1
3
1
3
1
3
1
3
1
3
1
3
1
3
1
21
2
21
2
18
2
3
1
3
1
3
1
3
1
3
1
38
2
3
1
38
2
3
1
38
2
3
1
3
1
16
2
21
2
21
2
21
2
17
2
17
2
17
2
18
2
3
1
3
1
3
1
16
2
17
2
17
2
17
2
17
2
21
2
21
2
21
2
21
2
21
2
21
2
21
2
21
2
3
1
3
1
3
1
21
2
21
2
21
2
21
2
21
2
21
2
redlynel
redlynel
redoctorok
none
none
none
none
none
none
none
none