21
2
21
2
21
2
21
2
21
2
21
2
21
2
3
1
3
1
21
2
21
2
21
2
21
2
21
2
21
2
21
2
21
2
21
2
21
2
21
2
21
2
21
2
22
2
3
1
3
1
20
2
21
2
21
2
21
2
21
2
21
2
21
2
19
1
19
1
3
1
3
1
3
1
3
1
3
1
3
1
3
1
3
1
3
1
3
1
3
1
3
1
3
1
35
2
19
1
19
1
19
1
3
1
3
1
35
2
3
1
35
2
3
1
35
2
3
1
35
2
3
1
3
1
3
1
35
2
19
1
19
1
19
1
3
1
3
1
3
1
3
1
3
1
3
1
3
1
3
1
3
1
35
2
3
1
3
1
35
2
19
1
19
1
19
1
19
1
3
1
37
2
3
1
37
2
3
1
37
2
3
1
35
2
3
1
3
1
3
1
3
1
19
1
19
1
19
1
19
1
3
1
3
1
37
2
3
1
37
2
3
1
3
1
3
1
35
2
3
1
3
1
35
2
19
1
37
2
19
1
19
1
3
1
3
1
3
1
3
1
3
1
3
1
3
1
35
2
3
1
3
1
3
1
35
2
19
1
19
1
19
1
19
1
3
1
3
1
3
1
3
1
3
1
3
1
3
1
3
1
3
1
3
1
3
1
3
1
19
1
19
1
19
1
19
1
19
1
35
2
35
2
35
2
35
2
35
2
35
2
35
2
3
1
35
2
35
2
35
2
19
1
19
1
19
1
19
1
19
1
35
2
35
2
35
2
35
2
35
2
35
2
35
2
3
1
35
2
35
2
35
2
redmoblin
redmoblin
bluemoblin
bluemoblin
bluemoblin
none
none
none
none
none
