19
1
19
1
19
1
19
1
19
1
35
2
35
2
35
2
35
2
35
2
35
2
35
2
3
1
35
2
35
2
35
2
19
1
19
1
19
1
19
1
3
1
35
2
35
2
35
2
35
2
35
2
35
2
35
2
3
1
35
2
35
2
35
2
19
1
19
1
19
1
3
1
3
1
3
1
3
1
3
1
3
1
3
1
3
1
3
1
3
1
3
1
3
1
3
1
19
1
19
1
19
1
3
1
3
1
3
1
3
1
3
1
35
2
35
2
35
2
35
2
35
2
3
1
35
2
35
2
19
1
19
1
3
1
3
1
3
1
3
1
3
1
35
2
35
2
35
2
35
2
35
2
35
2
3
1
3
1
35
2
19
1
3
1
3
1
3
1
3
1
3
1
3
1
35
2
35
2
35
2
35
2
35
2
35
2
3
1
3
1
35
2
3
1
3
1
3
1
10
2
11
2
3
1
3
1
35
2
35
2
35
2
35
2
35
2
35
2
3
1
3
1
35
2
37
2
3
1
3
1
14
2
15
2
3
1
3
1
3
1
3
1
35
2
35
2
35
2
35
2
3
1
3
1
35
2
3
1
3
1
3
1
3
1
3
1
3
1
3
1
3
1
3
1
3
1
35
2
35
2
3
1
3
1
35
2
35
2
3
1
3
1
3
1
3
1
3
1
3
1
3
1
3
1
3
1
3
1
3
1
3
1
3
1
35
2
35
2
35
2
3
1
35
2
35
2
35
2
35
2
35
2
35
2
35
2
35
2
3
1
35
2
35
2
35
2
35
2
35
2
35
2
redoctorok
blueoctorok
blueoctorok
redmoblin
bluemoblin
bluemoblin
none
none
none
none
none