3
1
35
2
35
2
35
2
35
2
35
2
35
2
35
2
35
2
3
1
35
2
35
2
35
2
35
2
35
2
35
2
3
1
3
1
3
1
3
1
3
1
3
1
3
1
3
1
3
1
3
1
3
1
3
1
3
1
3
1
3
1
3
1
3
1
3
1
3
1
3
1
3
1
3
1
3
1
3
1
3
1
3
1
3
1
3
1
3
1
3
1
3
1
3
1
3
1
3
1
3
1
3
1
3
1
3
1
3
1
3
1
3
1
3
1
3
1
3
1
3
1
3
1
3
1
3
1
25
2
25
2
25
2
25
2
25
2
25
2
25
2
25
2
25
2
25
2
25
2
25
2
25
2
25
2
25
2
25
2
29
2
29
2
29
2
29
2
29
2
29
2
29
2
29
2
29
2
29
2
29
2
29
2
29
2
29
2
29
2
29
2
29
2
29
2
29
2
29
2
29
2
29
2
29
2
29
2
29
2
29
2
29
2
29
2
29
2
29
2
29
2
29
2
29
2
29
2
29
2
29
2
29
2
29
2
29
2
29
2
29
2
29
2
29
2
29
2
29
2
29
2
29
2
29
2
29
2
29
2
29
2
29
2
29
2
29
2
29
2
29
2
29
2
29
2
29
2
29
2
29
2
29
2
29
2
29
2
29
2
29
2
29
2
29
2
29
2
29
2
29
2
29
2
29
2
29
2
29
2
29
2
29
2
29
2
29
2
29
2
29
2
29
2
29
2
29
2
29
2
29
2
29
2
29
2
29
2
29
2
29
2
29
2
29
2
29
2
29
2
29
2
redoctorok
redoctorok
blueoctorok
blueoctorok
none
none
none
none
none
none
none