21
2
21
2
21
2
21
2
21
2
21
2
21
2
21
2
21
2
21
2
21
2
21
2
21
2
21
2
21
2
21
2
3
1
3
1
20
2
22
2
3
1
3
1
3
1
3
1
3
1
3
1
3
1
20
2
21
2
21
2
21
2
21
2
3
1
3
1
3
1
3
1
3
1
35
2
3
1
3
1
3
1
3
1
3
1
3
1
20
2
21
2
21
2
21
2
3
1
3
1
3
1
3
1
3
1
3
1
3
1
3
1
3
1
3
1
3
1
3
1
3
1
20
2
21
2
21
2
3
1
3
1
3
1
37
2
3
1
3
1
3
1
24
2
25
2
25
2
26
2
3
1
3
1
3
1
10
2
11
2
3
1
3
1
3
1
3
1
3
1
3
1
24
2
29
2
29
2
29
2
30
2
3
1
3
1
35
2
14
2
15
2
3
1
3
1
3
1
3
1
3
1
3
1
32
2
29
2
29
2
29
2
34
2
3
1
3
1
3
1
35
2
35
2
3
1
3
1
3
1
16
2
3
1
18
2
3
2
32
2
29
2
34
2
16
2
3
1
18
2
3
1
35
2
35
2
16
2
17
2
17
2
21
2
3
1
21
2
17
2
17
2
31
2
17
2
21
2
3
1
21
2
17
2
17
2
17
2
21
2
21
2
21
2
21
2
39
1
21
2
21
2
21
2
27
2
21
2
21
2
39
1
21
2
21
2
21
2
21
2
21
2
21
2
21
2
21
2
39
1
21
2
21
2
21
2
31
2
21
2
21
2
39
1
21
2
21
2
21
2
21
2
redlynel
redlynel
bluelynel
redgoriya
bluegoriya
none
none
none
none
none
none
