21
2
21
2
21
2
21
2
39
1
21
2
21
2
21
2
27
2
21
2
21
2
39
1
21
2
21
2
21
2
21
2
21
2
21
2
21
2
22
2
39
1
20
2
21
2
22
2
31
2
20
2
22
2
39
1
20
2
21
2
21
2
21
2
3
1
3
1
3
1
3
1
3
1
3
1
3
1
24
2
27
2
26
2
3
1
3
1
3
1
20
2
21
2
21
2
35
2
35
2
3
1
3
1
3
1
3
1
3
1
28
2
29
2
29
2
12
1
3
1
3
1
3
1
20
2
21
2
35
2
35
2
35
2
37
2
3
1
3
1
3
1
32
2
29
2
29
2
29
2
26
2
3
1
3
1
3
1
20
2
3
1
3
1
3
1
3
1
3
1
3
1
3
1
3
1
9
1
29
2
29
2
34
2
3
1
3
1
3
1
3
1
35
2
35
2
35
2
35
2
3
1
37
2
3
1
3
1
3
1
28
2
30
2
3
1
3
1
3
1
3
1
16
2
35
2
35
2
35
2
3
1
3
1
3
1
3
1
3
1
3
1
28
2
30
2
3
1
3
1
3
1
16
2
21
2
3
1
3
1
3
1
3
1
3
1
3
1
3
1
3
1
3
1
28
2
30
2
3
1
3
1
16
2
21
2
21
2
35
2
35
2
37
2
3
1
3
1
3
1
3
1
3
1
3
1
28
2
30
2
3
1
16
2
21
2
21
2
21
2
35
2
35
2
35
2
3
1
3
1
3
1
3
1
3
1
3
1
28
2
30
2
17
2
21
2
21
2
21
2
21
2
redlynel
redlynel
redoctorok
redoctorok
reddarknut
none
none
none
none
none
