35
2
35
2
35
2
19
1
19
1
3
1
3
1
19
1
19
1
28
2
30
2
21
2
21
2
21
2
21
2
21
2
35
2
35
2
19
1
19
1
3
1
3
1
3
1
19
1
19
1
28
2
30
2
20
2
22
2
3
1
3
1
20
2
3
1
3
1
3
1
3
1
3
1
3
1
3
1
38
2
3
1
28
2
30
2
3
1
3
1
3
1
3
1
3
1
35
2
35
2
3
1
3
1
19
1
3
1
3
1
3
1
3
1
28
2
30
2
3
1
3
1
3
1
3
1
3
1
35
2
35
2
3
1
3
1
19
1
19
1
3
1
3
1
3
1
28
2
30
2
3
1
3
1
3
1
3
1
3
1
35
2
35
2
3
1
3
1
19
1
19
1
3
1
3
1
3
1
36
1
36
1
3
1
3
1
3
1
3
1
3
1
35
2
35
2
35
2
35
2
19
1
19
1
3
1
3
1
3
1
28
2
30
2
3
1
3
1
3
1
3
1
3
1
35
2
35
2
35
2
3
1
3
1
3
1
3
1
3
1
3
1
28
2
30
2
3
1
3
1
3
1
3
1
3
1
35
2
35
2
3
1
3
1
3
1
3
1
19
1
19
1
3
1
28
2
30
2
3
1
3
1
3
1
3
1
3
1
35
2
35
2
3
1
19
1
3
1
3
1
19
1
3
1
3
1
28
2
30
2
3
1
3
1
3
1
3
1
3
1
35
2
35
2
35
2
3
1
3
1
3
1
3
1
3
1
3
1
28
2
30
2
3
1
3
1
3
1
3
1
3
1
reddarknut
reddarknut
redgoriya
bluegoriya
bluegoriya
bluegoriya
none
none
none
none
