35
2
35
2
35
2
3
1
3
1
3
1
3
1
3
1
3
1
28
2
30
2
3
1
3
1
3
1
3
1
3
1
3
1
3
1
3
1
3
1
3
1
3
1
3
1
3
1
3
1
28
2
30
2
3
1
3
1
3
1
3
1
3
1
3
1
3
1
3
1
3
1
3
1
3
1
3
1
3
1
3
1
28
2
30
2
3
1
3
1
3
1
3
1
3
1
3
1
3
1
3
1
3
1
3
1
3
1
3
1
3
1
13
1
29
2
30
2
3
1
3
1
37
2
3
1
3
1
25
2
25
2
25
2
25
2
25
2
25
2
25
2
25
2
29
2
29
2
29
2
12
1
3
1
3
1
3
1
3
1
29
2
29
2
29
2
29
2
29
2
29
2
29
2
29
2
29
2
29
2
29
2
29
2
26
2
3
1
3
1
3
1
29
2
29
2
29
2
29
2
29
2
29
2
29
2
29
2
29
2
29
2
29
2
29
2
29
2
12
1
3
1
3
1
29
2
29
2
29
2
29
2
29
2
29
2
29
2
29
2
29
2
29
2
29
2
29
2
29
2
29
2
25
2
25
2
29
2
29
2
29
2
29
2
29
2
29
2
29
2
29
2
29
2
29
2
29
2
29
2
29
2
29
2
29
2
29
2
29
2
29
2
29
2
29
2
29
2
29
2
29
2
29
2
29
2
29
2
29
2
29
2
29
2
29
2
29
2
29
2
29
2
29
2
29
2
29
2
29
2
29
2
29
2
29
2
29
2
29
2
29
2
29
2
29
2
29
2
29
2
29
2
redoctorok
blueoctorok
redgoriya
bluegoriya
none
none
none
none
none
none
