21
2
21
2
21
2
28
2
29
2
29
2
29
2
29
2
29
2
29
2
29
2
33
2
33
2
33
2
33
2
29
2
21
2
21
2
22
2
32
2
33
2
33
2
29
2
29
2
29
2
29
2
8
1
3
1
3
1
3
1
3
1
9
2
21
2
22
2
3
1
3
1
3
1
3
1
9
1
32
2
33
2
34
2
3
1
3
1
3
1
3
1
3
1
35
2
22
2
3
1
3
1
3
1
10
2
41
2
11
2
3
1
3
1
3
1
0
2
2
2
3
1
3
1
3
1
35
2
35
2
3
1
3
1
3
1
14
2
5
2
15
2
3
1
3
1
3
1
4
2
6
2
3
1
3
1
35
2
35
2
35
2
35
2
3
1
3
1
3
1
3
1
3
1
3
1
3
1
3
1
3
1
3
1
3
1
3
1
35
2
35
2
35
2
35
2
3
1
3
1
24
2
25
2
25
2
26
2
3
1
3
1
3
1
3
1
3
1
35
2
35
2
35
2
35
2
3
1
3
1
3
1
28
2
8
1
9
1
36
1
3
1
3
1
3
1
3
1
3
1
35
2
35
2
35
2
18
2
3
1
3
1
3
1
28
2
12
1
13
1
30
2
3
1
3
1
3
1
3
1
35
2
35
2
35
2
35
2
21
2
18
2
3
1
3
1
32
2
33
2
33
2
34
2
3
1
3
1
3
1
35
2
35
2
35
2
35
2
35
2
21
2
21
2
18
2
3
1
3
1
3
1
3
1
3
1
3
1
3
1
35
2
35
2
35
2
35
2
35
2
35
2
bluedarknut
bluelynel
bluelynel
redlynel
redoctorok
redoctorok
none
none
none
none
