21
2
22
2
3
1
3
1
3
1
3
1
3
1
3
1
3
1
3
1
3
1
3
1
3
1
3
1
3
1
35
2
22
2
3
1
3
1
35
2
3
1
35
2
3
1
35
2
3
1
35
2
3
1
3
1
3
1
3
1
3
1
35
2
3
1
35
2
3
1
3
1
3
1
3
1
3
1
3
1
3
1
3
1
3
1
35
2
3
1
3
1
3
1
35
2
3
1
3
1
10
2
11
2
3
1
3
1
3
1
3
1
10
2
11
2
3
1
3
1
3
1
3
1
35
2
35
2
3
1
35
2
14
2
15
2
3
1
10
2
11
2
3
1
14
2
15
2
3
1
35
2
3
1
3
1
35
2
35
2
3
1
35
2
3
1
3
1
3
1
14
2
15
2
3
1
3
1
3
1
3
1
3
1
3
1
3
1
35
2
35
2
3
1
3
1
3
1
3
1
3
1
3
1
3
1
3
1
3
1
3
1
35
2
3
1
3
1
3
1
35
2
35
2
3
1
3
1
35
2
3
1
3
1
3
1
3
1
3
1
35
2
3
1
3
1
3
1
3
1
35
2
35
2
35
2
3
1
3
1
3
1
3
1
35
2
3
1
35
2
3
1
3
1
3
1
3
1
3
1
3
1
35
2
35
2
35
2
3
1
3
1
3
1
3
1
3
1
3
1
3
1
3
1
3
1
3
1
3
1
3
1
3
1
3
1
35
2
35
2
3
1
3
1
3
1
3
1
3
1
3
1
3
1
3
1
3
1
3
1
3
1
3
1
3
1
3
1
3
1
35
2
bluemoblin
bluemoblin
bluemoblin
bluemoblin
redoctorok
redoctorok
none
none
none
none
