3
1
3
1
3
1
3
1
3
1
3
1
3
1
3
1
3
1
3
1
3
1
3
1
3
1
3
1
3
1
35
2
3
1
3
1
3
1
3
1
3
1
3
1
3
1
3
1
3
1
3
1
3
1
3
1
3
1
3
1
3
1
35
2
3
1
3
1
3
1
3
1
3
1
0
2
1
2
2
2
3
1
3
1
0
2
1
2
2
2
3
1
3
1
38
2
3
1
3
1
3
1
3
1
3
1
39
2
3
1
39
2
3
1
3
1
39
2
3
1
39
2
3
1
3
1
38
2
3
1
3
1
3
1
3
1
3
1
39
2
3
1
39
2
3
1
3
1
39
2
3
1
39
2
3
1
3
1
38
2
3
1
3
1
3
1
3
1
7
2
39
2
3
1
39
2
7
2
7
2
39
2
3
1
39
2
7
2
3
1
38
2
3
1
3
1
3
1
3
1
3
1
3
1
3
1
3
1
3
1
3
1
3
1
3
1
3
1
3
1
3
1
38
2
25
2
25
2
25
2
25
2
26
2
3
1
3
1
3
1
3
1
3
1
3
1
3
1
3
1
3
1
3
1
35
2
29
2
29
2
29
2
29
2
29
2
12
1
38
2
38
2
38
2
38
2
38
2
38
2
3
1
3
1
3
1
35
2
29
2
29
2
29
2
29
2
29
2
29
2
25
2
25
2
25
2
25
2
25
2
25
2
25
2
25
2
25
2
25
2
29
2
29
2
29
2
29
2
29
2
29
2
29
2
29
2
29
2
29
2
29
2
29
2
29
2
29
2
29
2
29
2
reddarknut
reddarknut
reddarknut
bluedarknut
bluedarknut
none
none
none
none
none
